sample	cis_25KB_2MB	cis_2MB_12MB	cis_gt_12MB	cis_less_25KB	trans
k562.PET.txt.G1_0	230287	45460	25743	509027	175551
k562.PET.txt.G1_10	219178	28877	27041	536514	177714
k562.PET.txt.G1_11	214437	26613	26789	533051	185267
k562.PET.txt.G1_12	214004	26731	27656	536378	181640
k562.PET.txt.G1_13	212852	24389	27242	533222	188395
k562.PET.txt.G1_14	214893	25647	27584	533548	184450
k562.PET.txt.G1_15	214283	22919	26924	543688	180134
k562.PET.txt.G1_16	211041	22016	27198	536820	189888
k562.PET.txt.G1_17	210310	22946	27130	536745	188724
k562.PET.txt.G1_18	209971	24202	28157	536741	186426
k562.PET.txt.G1_19	208598	22209	27550	534301	193910
k562.PET.txt.G1_1	228859	39772	28495	513421	175294
k562.PET.txt.G1_20	207813	21871	27237	536924	191704
k562.PET.txt.G1_21	206478	21268	26650	532816	199018
k562.PET.txt.G1_22	204999	22062	27418	527959	203913
k562.PET.txt.G1_23	204290	22071	27016	528035	204699
k562.PET.txt.G1_24	208231	23072	28194	534625	193416
k562.PET.txt.G1_2	222645	27851	26960	525208	184877
k562.PET.txt.G1_3	226968	34941	27150	526623	174098
k562.PET.txt.G1_4	221107	25150	25809	535263	181706
k562.PET.txt.G1_5	220172	28939	27798	523125	187861
k562.PET.txt.G1_6	220821	29242	26218	528491	181133
k562.PET.txt.G1_7	221235	26109	27547	532810	178327
k562.PET.txt.G1_8	221095	28849	27543	533953	185451
k562.PET.txt.G1_9	217248	23716	27061	538434	184359
k562.PET.txt.G2M_0	225858	34956	24635	506963	193234
k562.PET.txt.G2M_10	225371	42271	27639	504503	187266
k562.PET.txt.G2M_11	229331	43227	25891	509255	179780
k562.PET.txt.G2M_12	227820	52645	28458	499382	179452
k562.PET.txt.G2M_13	227184	52185	29002	500130	178880
k562.PET.txt.G2M_14	225815	41328	28188	508362	183762
k562.PET.txt.G2M_15	225983	39244	26792	511017	185573
k562.PET.txt.G2M_16	225949	47790	28624	498715	184174
k562.PET.txt.G2M_17	226750	43751	27836	505174	182015
k562.PET.txt.G2M_18	228551	59210	32427	493249	176139
k562.PET.txt.G2M_19	223378	41272	29119	504785	187151
k562.PET.txt.G2M_1	231272	49035	26141	501168	178791
k562.PET.txt.G2M_20	225106	47274	30282	498350	185478
k562.PET.txt.G2M_21	224390	45592	30354	505206	183480
k562.PET.txt.G2M_22	220075	36176	29589	512633	188869
k562.PET.txt.G2M_23	222361	45153	29497	499693	189223
k562.PET.txt.G2M_24	222851	49659	32538	497973	183377
k562.PET.txt.G2M_25	221839	42035	28498	510829	183300
k562.PET.txt.G2M_26	223753	41064	27616	511688	183790
k562.PET.txt.G2M_27	224646	39489	28557	510145	185495
k562.PET.txt.G2M_28	220089	46659	33082	499252	186835
k562.PET.txt.G2M_29	217668	39181	29160	509906	192221
k562.PET.txt.G2M_2	231154	57765	27195	491720	178537
k562.PET.txt.G2M_30	218626	41772	30879	505490	188452
k562.PET.txt.G2M_31	216979	43414	32075	508653	186323
k562.PET.txt.G2M_32	215050	44252	31557	503616	192037
k562.PET.txt.G2M_33	216571	45749	33898	498239	191416
k562.PET.txt.G2M_34	212782	44992	34786	496738	195765
k562.PET.txt.G2M_3	229774	58000	27903	488391	182472
k562.PET.txt.G2M_4	233955	49732	25198	498747	178052
k562.PET.txt.G2M_5	227598	41694	27038	512721	180834
k562.PET.txt.G2M_6	226772	39519	26408	506607	186472
k562.PET.txt.G2M_7	233993	57553	26881	490246	177841
k562.PET.txt.G2M_8	227224	51057	28333	501454	180681
k562.PET.txt.G2M_9	227612	40880	26187	507811	183300
k562.PET.txt.S_0	202125	25271	28535	527536	201945
k562.PET.txt.S_10	211043	20818	25376	551793	178432
k562.PET.txt.S_11	210361	20886	25423	555192	175444
k562.PET.txt.S_12	212284	20565	25677	552961	176445
k562.PET.txt.S_13	209228	21289	25835	546417	183691
k562.PET.txt.S_14	212715	20806	25946	544695	181368
k562.PET.txt.S_15	213653	20155	25330	548647	177842
k562.PET.txt.S_16	213207	22928	26803	546453	181701
k562.PET.txt.S_17	210561	20730	26139	544823	184793
k562.PET.txt.S_18	214313	20574	25595	549555	183912
k562.PET.txt.S_19	214186	20963	25565	549068	178700
k562.PET.txt.S_1	211258	22975	28027	540270	184331
k562.PET.txt.S_20	212408	20585	25336	549212	179930
k562.PET.txt.S_21	212832	21228	25411	548151	180896
k562.PET.txt.S_22	213807	23616	25363	542384	180696
k562.PET.txt.S_23	213021	20332	25122	548475	182553
k562.PET.txt.S_24	217883	22192	24777	543137	179155
k562.PET.txt.S_25	214174	21141	25277	546539	179957
k562.PET.txt.S_26	215236	21122	25298	549208	179323
k562.PET.txt.S_27	218508	20664	24919	546375	177671
k562.PET.txt.S_28	214871	20304	24705	550417	177653
k562.PET.txt.S_29	220764	20665	24641	548153	173672
k562.PET.txt.S_2	207788	23844	28540	539813	187605
k562.PET.txt.S_30	219095	20680	25034	547238	176156
k562.PET.txt.S_31	217604	20541	25330	541999	180692
k562.PET.txt.S_32	218734	23099	25665	544958	177363
k562.PET.txt.S_33	217523	20538	24489	543863	179616
k562.PET.txt.S_34	215519	21184	25274	544017	181318
k562.PET.txt.S_35	219053	21632	25069	540976	181938
k562.PET.txt.S_36	223297	25502	24396	541114	173549
k562.PET.txt.S_37	219872	25096	25048	535454	181138
k562.PET.txt.S_38	219810	25692	25499	534846	181661
k562.PET.txt.S_39	222370	22246	24468	544405	172614
k562.PET.txt.S_3	206341	21260	26607	544598	188654
k562.PET.txt.S_40	220838	31432	25499	527936	181231
k562.PET.txt.S_41	218812	27761	24444	527834	190861
k562.PET.txt.S_4	211919	22436	26838	544626	180913
k562.PET.txt.S_5	212066	22909	27178	546093	179358
k562.PET.txt.S_6	207273	21265	26565	547349	183961
k562.PET.txt.S_7	207551	21034	25826	549164	182437
k562.PET.txt.S_8	208428	21123	25643	545855	184944
k562.PET.txt.S_9	208316	20992	26367	544917	185669
